hstart <-
c(81.9, 79, 122.4, 143, 133.9, 123.5, 100, 103.7, 91.9, 79.1, 
75.1, 62.3, 61.7, 63.2, 92.9, 115.9, 134.2, 131.6, 126.1, 130.2, 
125.8, 137, 120.2, 83.1, 82.7, 87.2, 128.6, 164.9, 144.5, 142.5, 
142.3, 141, 139.5, 143.3, 129.5, 99.3, 105.8, 94.6, 135.6, 159.9, 
157.7, 150.5, 126.5, 127.5, 132.9, 125.8, 97.4, 85.3, 69.2, 77.2, 
117.8, 130.6, 127.3, 141.9, 143.5, 131.5, 133.8, 143.8, 128.3, 
124.1, 114.8, 104.6, 169.3, 203.6, 203.5, 196.8, 197, 205.9, 
175.6, 181.7, 176.4, 155.3, 150.9, 153.6, 205.8, 213.2, 227.9, 
226.2, 207.5, 231, 204.4, 218.2, 187.1, 152.7, 147.3, 139.5, 
201.1, 205.4, 234.2, 203.4, 203.2, 199.9, 148.9, 149.5, 134.6, 
90.6, 86.2, 109.6, 127.2, 160.9, 149.9, 149.5, 127.2, 114, 99.6, 
97.2, 75.1, 54.9)
airline.tsd <-
structure(c(112, 118, 132, 129, 121, 135, 148, 148, 136, 119, 
104, 118, 115, 126, 141, 135, 125, 149, 170, 170, 158, 133, 114, 
140, 145, 150, 178, 163, 172, 178, 199, 199, 184, 162, 146, 166, 
171, 180, 193, 181, 183, 218, 230, 242, 209, 191, 172, 194, 196, 
196, 236, 235, 229, 243, 264, 272, 237, 211, 180, 201, 204, 188, 
235, 227, 234, 264, 302, 293, 259, 229, 203, 229, 242, 233, 267, 
269, 270, 315, 364, 347, 312, 274, 237, 278, 284, 277, 317, 313, 
318, 374, 413, 405, 355, 306, 271, 306, 315, 301, 356, 348, 355, 
422, 465, 467, 404, 347, 305, 336, 340, 318, 362, 348, 363, 435, 
491, 505, 404, 359, 310, 337, 360, 342, 406, 396, 420, 472, 548, 
559, 463, 407, 362, 405, 417, 391, 419, 461, 472, 535, 622, 606, 
508, 461, 390, 432), .Tsp = c(1949, 1960.91666666667, 12), class = c("tsd", 
"ts"), time.units = "Time", data.title = "International Airline Passengers", response.units = "Thousands of Passengers")
arvar.tsd <-
structure(c(2.49418349344500, 2.19791555129669, 2.52681485973857, 
1.02485433922162, -0.404126479816618, 1.43831393011116, -0.30423854058667, 
-0.229416503444800, -0.259212550181349, -0.0952812296151953, 
1.60972373679443, 1.10112558986626, 2.93983967993911, 2.59264507598915, 
3.06975050410658, 1.22265298735801, 1.13225323861019, 1.56565338460277, 
0.80983613517144, 1.06504978311578, 0.934450930576095, -0.102299228217771, 
0.361195547150562, -1.39663366878357, -2.83155513878509, -2.18557676059994, 
-2.22619560483834, -1.32687329867256, -1.23941987607120, -3.67643732274592, 
-3.52255197391341, -4.12560302916043, -4.03884000194663, -3.4291322794397, 
-3.64168973401739, -4.11547312417068, -2.42052160594135, -2.75365726783317, 
-4.5571487478656, -3.77996043626306, -3.94621535274784, -3.16845573673608, 
-3.092027654678, -2.50971957435040, -2.48934203089474, -0.59738219435508, 
-0.658026612959802, -2.53658546906453, -2.79649222860015, -0.665111077160542, 
-0.226082183472929, -0.533642231402444, -0.193214345100895, 0.709648677959561, 
1.28474305546287, 1.38594220257964, 0.398969304026898, 0.697020582509697, 
1.30645592955438, -0.158087545909341, 0.108084505393979, -0.692896038486985, 
-0.0157670615545895, -1.2934001316259, -3.34114596046092, -2.66337195078326, 
-5.11686551933407, -5.09320062155485, -3.33625244372549, -1.64362580108572, 
-2.06300965164961, -1.39571421442059, 1.03151237383667, 0.868725161889899, 
1.39056336986240, 1.13642449524312, -0.966703916402927, -0.689919262234447, 
-1.57095624832141, -2.52012968979304, -1.0549679901313, -1.98208349334097, 
-3.54352071362868, -2.00644535294633, -1.76342251048298, -2.43771253387682, 
-1.72399606694445, -0.166734124514600, 0.0346822051295777, -0.296038333560646, 
-0.478828486905011, -0.39255595928837, -0.968204101237065, -0.89757680988768, 
-0.799334880102748, 0.775757465746722, 1.91051272124497, 3.09381390945664, 
2.60565376494407, 2.13584969487157, 2.15813625360424, 3.36586824451589, 
2.92892602451968, 3.2538257803735, 2.88277567436959, 2.29381884574668, 
1.46505238860527, 0.388005502764524, 0.532576197904928, -1.32556543549165, 
-2.13301403581130, -2.37746222625055, -2.86981426701167, -2.20973596070329, 
-2.17928785201433, -2.70961265882989, -1.68457910475283, -1.71832457605549, 
-1.12390151389257, -0.541391631390272, -0.63493627915028, 0.463713472961299, 
-0.586548473866429, -1.80331080308850, -1.02291381729086, -1.91491001054872, 
-1.09514023879795, -1.40714741013393, -1.32824100182897, 0.0562145503400386, 
-0.509129088126129, -1.42730973902542, -1.89279798486220, -1.59968987333805, 
-0.530695663878053, -0.697381122310357, -0.583182108102971, 0.338545121968683, 
-1.09301422501507, -0.2726123362285, 0.575356377424404, 0.110420081569092, 
1.67665546486025, 0.605403456214713, 1.38253464152661, 0.844802924951523, 
1.21774672211905, 1.30596592799471, 0.812067665148927, 1.46466376965593, 
0.329455166613626, 0.428082181237924, -0.268176848089472, -1.47114755236037, 
-0.537151858660892, 0.236240345387450, -0.531252114781828, 0.0492998817633826, 
0.528370474045077, 0.670387835433448, 1.32266926601757, 2.61018622948514, 
2.73971255488359, 1.89858672825204, 1.95607220923782, 3.23585131196642, 
2.40671723776042, 2.16265706846765, 1.68714806822020, 1.91584290762547, 
2.75756185147556, 2.88294555704666, 1.83133611044213, 0.559876352609634, 
2.41672701034447, 2.2283626110311, 1.51908313438872, 2.30545463080969, 
1.42991458496714, 0.299605695601128, -0.729693935654587, -0.848977515641556, 
-0.163434722227774, -1.01657691837278, -0.626745183836896, -0.746118361099513, 
0.542804759765927, 0.00836749309142744, -0.933856326107095, -1.12682529161960, 
-1.37059740526992, -1.78894343980483, -2.08665946091437, -3.00178904296598, 
-3.3695659502117, -3.90770189151132, -4.3587041788778, -5.02888518457814, 
-5.02790688117354, -4.19570892449754, -3.76109267048895, -3.37592490896722, 
-2.84225382935817, -3.47888935301568, -3.16458397654062, -1.18211299888761, 
-2.72136666007633, -2.6809799013015, -2.78877521831000, -2.96491028932648, 
-2.83356165391979, -2.32686329957393, -1.90296423871065, -2.40307942489516, 
-1.82659203386659, -2.25241555547485, -0.833057220430245, 0.587432432384326, 
2.75260532979147, 4.77056823291287, 5.45386542579337, 4.65919962300883, 
5.00746957584454, 5.6573105566808, 5.47302322217613, 3.45326886761328, 
3.08285187833129, 1.96558648876218, 2.99700324918947, 1.82624784643819, 
1.33368134029838, 1.75533543707072, 2.4035305041710, 1.27480504373523, 
2.02901130971081, 2.97207828830072, 1.63162683318090, 1.41434061553553, 
0.909910319676757, 2.73163199061887, 2.21678578139642, 1.73420803268171, 
-0.769184788951325, -0.411452496081471, 0.180807481241992, -1.21677164216349, 
0.0396332220330479, 0.759412262002049, 1.11044741109709, 2.16788575103677, 
0.734383679027143, 2.14890640051625, 2.25835619585795, 2.8967229542516, 
2.60601764404857, 2.13783996957554, 0.951825786368205, 1.08563748370318, 
-0.0207720869956129, 0.30677625810294, -0.444960019212019, -1.87463584032775, 
-3.58486112767206, -2.00365738188098, -2.53436908294776, -1.06216672834169, 
-1.50230310715765, -2.18177212388549, -2.6517355319357, -2.58698583326739, 
-2.48461236815569, -1.37946061547531, -1.29302063463395, -0.530333463671177, 
-0.327939859409702), .Tsp = c(1, 275, 1), class = c("tsd", "ts"
), time.units = "Time", data.title = "Simulated data", response.units = "Data")
att.stock.tsd <-
structure(c(61, 61.625, 61, 64, 63.75, 63.375, 63.875, 61.875, 
61.5, 61.625, 62.125, 61.625, 61, 61.875, 61.625, 59.625, 58.75, 
58.75, 58.25, 58.5, 57.75, 57.125, 57.75, 58.875, 58, 57.875, 
58, 57.125, 57.25, 57.375, 57.125, 57.5, 58.375, 58.125, 56.625, 
56.25, 56.25, 55.125, 55, 55.125, 53, 52.375, 52.875, 53.5, 53.375, 
53.375, 53.5, 53.75, 54, 53.125, 51.875, 52.25), .Tsp = c(1, 
52, 1), class = c("tsd", "ts"), time.units = "Week", data.title = "1979 Weekly Closing Price of ATT Common Stock", response.units = "Dollars")
